9999
210
337
377
0
318
0
6
0
5
83
84
65
84
69
1003
4
9999
7
0
4
72
69
82
69
1003
2
1010
9999
18
0
1
44
1002
25
1009
1002
25
1003
1
1007
1003
2
1009
9999
29
1
1
64
1003
4
1010
1017
59
1003
1010
1002
33
9999
1010
9999
45
1
1
33
1003
4
1010
1017
75
1003
1009
1002
33
9999
1009
9999
61
0
6
40
72
69
82
69
41
1003
2
9999
77
0
6
40
76
65
83
84
41
1003
5
9999
89
0
4
76
65
83
84
1002
98
1010
9999
101
0
1
116
1003
119
9999
318
112
0
5
99
97
108
108
44
1003
1002
1002
33
1003
33
1002
33
9999
120
1
1
59
1003
9999
1002
33
1003
5
1010
1002
116
1010
1009
1002
116
1010
1003
5
1009
1003
0
1003
4
1009
9999
137
1
7
60
66
85
73
76
68
83
1003
1003
1002
33
1003
4
1002
33
1003
1010
1002
33
1003
1017
1002
33
1002
25
1003
0
1002
33
1003
2
1003
4
1009
9999
164
1
5
68
79
69
83
62
1003
9999
1002
33
1002
25
1005
1009
1003
1
1003
4
1009
9999
202
1
5
59
67
79
68
69
1002
33
9999
224
1
1
43
1003
4
1010
1017
249
1003
1007
1002
33
9999
1007
9999
235
1
1
45
1003
4
1010
1017
265
1003
1008
1002
33
9999
1008
9999
251
1
1
42
1003
4
1010
1017
281
1003
1018
1002
33
9999
1018
9999
267
1
1
47
1003
4
1010
1017
297
1003
1019
1002
33
9999
1019
9999
283
1
4
68
82
79
80
1003
4
1010
1017
316
1003
1006
1002
33
9999
1006
9999
299
1
4
83
87
65
80
1003
4
1010
1017
335
1003
1005
1002
33
9999
1005
9999
1005
9999
107
49
48
48
54
32
72
69
82
69
32
116
32
33
32
45
49
32
44
107
49
48
48
53
32
72
69
82
69
32
116
32
33
32
45
49
32
44
4
115
97
118
101
32
4
115
97
118
101
100
117
109
112
112
0
100
117
109
112
39
65
39
32
44
32
39
80
39
32
44
32
49
32
83
84
65
84
69
32
33
32
60
66
85
73
76
68
83
32
49
48
48
51
32
44
32
49
48
48
53
32
44
32
99
97
108
108
44
32
68
79
69
83
62
32
59
67
79
68
69
32
59
32
100
117
109
112
32
0
100
117
109
112
69
68
83
100
117
109
112
69
68
83
0
0
0
0
0
0
0
0
0
0
0
0
0
0
0
0
0
0
0
0
0
0
0
0
0
0
0
0
0
0
0
0
0
0
0
0
0
0
0
0
0
0
0
0
0
0
0
0
0
0
0
0
0
0
0
0
0
0
0
0
0
0
0
0
0
0
0
0
0
0
0
0
0
0
0
0
0
0
0
0
0
0
0
0
0
0
0
0
0
0
0
0
0
0
0
0
0
0
0
0
0
0
0
0
0
0
0
0
0
0
2
4
4
0
0
0
0
111
